7
21;1;20;41;7;47;6;232;116;
1
21;1;20;41;7;47;6;232;116;
fd4873r4fh34uf3h439f44_
1
21;1;20;41;7;47;6;232;116;
fd4873r4fh34uf3h439f44_
439chjiefve9vrjvfhkdj8_
21;1;20;41;7;47;6;232;116;
439chjiefve9vrjvfhkdj8_
21;1;20;41;7;47;6;232;116;
1
21;1;20;41;7;47;6;232;116;
fd4873r4fh34uf3h439f44_
1
21;1;20;41;7;47;6;232;116;
fd4873r4fh34uf3h439f44_
439chjiefve9vrjvfhkdj8_
21;1;20;41;7;47;6;232;116;
1
21;1;20;41;7;47;6;232;116;
fd4873r4fh34uf3h439f44_
439chjiefve9vrjvfhkdj8_
21;1;20;41;7;47;6;232;116;
439chjiefve9vrjvfhkdj8_
21;1;20;41;7;47;6;232;116;
1
21;1;20;41;7;47;6;232;116;
fd4873r4fh34uf3h439f44_
1
21;1;20;41;7;47;6;232;116;
fd4873r4fh34uf3h439f44_
1
21;1;20;41;7;47;6;232;116;
fd4873r4fh34uf3h439f44_
1
21;1;20;41;7;47;6;232;116;
fd4873r4fh34uf3h439f44_
439chjiefve9vrjvfhkdj8_
21;1;20;41;7;47;6;232;116;
439chjiefve9vrjvfhkdj8_
